array([[ 0.,  1.,  0.,  1.,  0.,  1.,  0., -1.],
       [ 0.,  0.,  1.,  0.,  1.,  0.,  1.,  0.],
       [ 0.,  0.,  0.,  1.,  0.,  1.,  0., -1.],
       [ 0.,  0.,  0.,  0., -1.,  0., -1.,  0.],
       [ 0., -1.,  0., -1.,  0., -1.,  0., -1.],
       [-1.,  0., -1.,  0., -1.,  0., -1.,  0.],
       [ 0.,  1.,  0., -1.,  0., -1.,  0.,  1.],
       [ 1.,  0.,  1.,  0.,  1.,  0.,  1.,  0.]])

not working:


array([[ 0., -1.,  0., -1.,  0., -1.,  0., -1.],
       [ 1.,  0.,  0.,  0., -1.,  0., -1.,  0.],
       [ 0.,  0.,  0.,  0.,  0.,  0.,  0.,  1.],
       [ 0.,  0.,  0.,  0.,  1.,  0.,  0.,  0.],
       [ 0.,  0.,  0.,  0.,  0.,  0.,  0.,  0.],
       [ 1.,  0.,  0.,  0.,  0.,  0.,  0.,  0.],
       [ 0.,  1.,  0.,  1.,  0.,  0.,  0.,  0.],
       [ 1.,  0.,  1.,  0.,  1.,  0.,  1.,  0.]])


tensor([ 0., -1.,  0., -1.,  0., -1.,  0., -1., -1.,  0., -1.,  0., -1.,  0.,
        -1.,  0.,  0., -1.,  0.,  0.,  0., -1.,  0., -1.,  0.,  0.,  0.,  0.,
         0.,  0.,  0.,  0.,  0.,  1.,  0.,  0.,  0., -1.,  0.,  0.,  1.,  0.,
         1.,  0.,  1.,  0.,  1.,  0.,  0.,  1.,  0.,  0.,  0.,  1.,  0.,  1.,
         1.,  0.,  1.,  0.,  1.,  0.,  1.,  0.])
       
 array([[ 0.,  1.,  0.,  1.,  0., -1.,  0.,  1.],
       [ 1.,  0.,  1.,  0.,  1.,  0.,  1.,  0.],
       [ 0.,  0.,  0.,  1.,  0.,  1.,  0.,  1.],
       [ 0.,  0.,  0.,  0.,  1.,  0.,  1.,  0.],
       [ 0., -1.,  0., -1.,  0.,  0.,  0., -1.],
       [-1.,  0., -1.,  0., -1.,  0.,  0.,  0.],
       [ 0., -1.,  0., -1.,  0., -1.,  0., -1.],
       [-1.,  0., -1.,  0., -1.,  0.,  1.,  0.]])   




tensor([[ 0.,  0.,  0.,  ...,  0.,  0.,  0.],
        [ 0.,  2.,  0.,  ...,  0.,  2.,  0.],
        [ 0.,  0.,  0.,  ...,  0.,  0.,  0.],
        ...,
        [ 0.,  0.,  0.,  ...,  0.,  0.,  0.],
        [-2.,  0.,  0.,  ...,  0., -2.,  0.],
        [ 0.,  0.,  0.,  ...,  0.,  0.,  0.]])



     